0.309181 0.109764
0.128682 0.776423
0.388606 0.528825
0.906689 0.245134
0.421435 0.544479
0.0300786 0.119903
0.554333 0.433246
0.465922 0.428044
0.661462 0.835119
0.897938 0.238588
0.0300114 0.120076
0.408052 0.944615
0.251363 0.198734
0.220052 0.379615
0.327748 0.0815742
0.778249 0.74696
0.24422 0.857566
0.434272 0.833342
0.979282 0.792513
0.56665 0.79332
0.880547 0.226673
0.0971504 0.961391
0.25795 0.763132
0.76025 0.764933
0.202061 0.94584
0.374125 0.542547
0.665002 0.552781
0.578521 0.20168
0.475827 0.92565
0.0300066 0.119996
